epoch=1 crossentropy(train): 2.0732355189468095
epoch=1 crossentropy(validation): 2.079396979353563
epoch=2 crossentropy(train): 1.8848985571469719
epoch=2 crossentropy(validation): 1.9047963695133792
error(train): 0.756
error(validation): 0.8
